# Zeit       num. v    exakt. v   Fehler
0  9.51728  30.5835  21.0662
1  17.9794  34.0001  16.0207
2  24.7779  36.2645  11.4866
3  29.8251  37.7235  7.89835
4  33.3668  38.6464  5.27959
5  35.7594  39.2236  3.46412
6  37.3361  39.5818  2.24575
7  38.3586  39.8032  1.44467
8  39.015  39.9397  0.924727
9  39.4336  40.0236  0.59001
10  39.6996  40.0752  0.375658
11  39.868  40.1069  0.238847
12  39.9746  40.1263  0.151718
13  40.042  40.1383  0.0963095
14  40.0845  40.1456  0.0611073
15  40.1113  40.1501  0.038758
16  40.1283  40.1528  0.0245756
17  40.139  40.1545  0.0155793
18  40.1457  40.1556  0.00987417
19  40.15  40.1562  0.00625715
20  40.1526  40.1566  0.00396444
21  40.1543  40.1568  0.00251144
22  40.1554  40.157  0.00159074
23  40.1561  40.1571  0.00100744
24  40.1565  40.1571  0.000637947
25  40.1568  40.1572  0.00040392
26  40.1569  40.1572  0.000255715
27  40.157  40.1572  0.00016187
28  40.1571  40.1572  0.000102454
29  40.1572  40.1572  6.48406e-05
30  40.1572  40.1572  4.10318e-05
31  40.1572  40.1572  2.59628e-05
32  40.1572  40.1572  1.64263e-05
33  40.1572  40.1572  1.03918e-05
34  40.1572  40.1572  6.57357e-06
35  40.1572  40.1572  4.15791e-06
36  40.1572  40.1572  2.62974e-06
37  40.1572  40.1572  1.66309e-06
38  40.1572  40.1572  1.05168e-06
39  40.1572  40.1572  6.65e-07
40  40.1572  40.1572  4.20462e-07
41  40.1572  40.1572  2.65828e-07
42  40.1572  40.1572  1.68053e-07
43  40.1572  40.1572  1.06234e-07
44  40.1572  40.1572  6.71508e-08
45  40.1572  40.1572  4.24436e-08
46  40.1572  40.1572  2.68255e-08
47  40.1572  40.1572  1.69535e-08
48  40.1572  40.1572  1.07138e-08
49  40.1572  40.1572  6.77029e-09
50  40.1572  40.1572  4.27806e-09
51  40.1572  40.1572  2.70312e-09
52  40.1572  40.1572  1.70789e-09
53  40.1572  40.1572  1.07904e-09
54  40.1572  40.1572  6.81695e-10
55  40.1572  40.1572  4.30653e-10
56  40.1572  40.1572  2.72045e-10
57  40.1572  40.1572  1.71845e-10
58  40.1572  40.1572  1.08543e-10
59  40.1572  40.1572  6.85603e-11
60  40.1572  40.1572  4.33076e-11
61  40.1572  40.1572  2.73559e-11
62  40.1572  40.1572  1.72804e-11
63  40.1572  40.1572  1.09139e-11
64  40.1572  40.1572  6.89226e-12
65  40.1572  40.1572  4.34852e-12
66  40.1572  40.1572  2.7498e-12
67  40.1572  40.1572  1.74083e-12
68  40.1572  40.1572  1.10134e-12
69  40.1572  40.1572  6.89226e-13
70  40.1572  40.1572  4.47642e-13
71  40.1572  40.1572  2.77112e-13
72  40.1572  40.1572  1.7053e-13
73  40.1572  40.1572  1.06581e-13
74  40.1572  40.1572  7.10543e-14
75  40.1572  40.1572  4.26326e-14
76  40.1572  40.1572  2.84217e-14
77  40.1572  40.1572  2.13163e-14
78  40.1572  40.1572  1.42109e-14
79  40.1572  40.1572  7.10543e-15
80  40.1572  40.1572  7.10543e-15
81  40.1572  40.1572  7.10543e-15
82  40.1572  40.1572  7.10543e-15
83  40.1572  40.1572  7.10543e-15
84  40.1572  40.1572  7.10543e-15
85  40.1572  40.1572  7.10543e-15
86  40.1572  40.1572  7.10543e-15
87  40.1572  40.1572  7.10543e-15
88  40.1572  40.1572  7.10543e-15
89  40.1572  40.1572  7.10543e-15
90  40.1572  40.1572  7.10543e-15
91  40.1572  40.1572  7.10543e-15
92  40.1572  40.1572  7.10543e-15
93  40.1572  40.1572  7.10543e-15
94  40.1572  40.1572  7.10543e-15
95  40.1572  40.1572  7.10543e-15
96  40.1572  40.1572  7.10543e-15
97  40.1572  40.1572  7.10543e-15
98  40.1572  40.1572  7.10543e-15
99  40.1572  40.1572  7.10543e-15
100  40.1572  40.1572  7.10543e-15
101  40.1572  40.1572  7.10543e-15
102  40.1572  40.1572  7.10543e-15
103  40.1572  40.1572  7.10543e-15
104  40.1572  40.1572  7.10543e-15
105  40.1572  40.1572  7.10543e-15
106  40.1572  40.1572  7.10543e-15
107  40.1572  40.1572  7.10543e-15
108  40.1572  40.1572  7.10543e-15
109  40.1572  40.1572  7.10543e-15
110  40.1572  40.1572  7.10543e-15
111  40.1572  40.1572  7.10543e-15
112  40.1572  40.1572  7.10543e-15
113  40.1572  40.1572  7.10543e-15
114  40.1572  40.1572  7.10543e-15
115  40.1572  40.1572  7.10543e-15
116  40.1572  40.1572  7.10543e-15
117  40.1572  40.1572  7.10543e-15
118  40.1572  40.1572  7.10543e-15
119  40.1572  40.1572  7.10543e-15
120  40.1572  40.1572  7.10543e-15
121  40.1572  40.1572  7.10543e-15
122  40.1572  40.1572  7.10543e-15
123  40.1572  40.1572  7.10543e-15
124  40.1572  40.1572  7.10543e-15
125  40.1572  40.1572  7.10543e-15
126  40.1572  40.1572  7.10543e-15
127  40.1572  40.1572  7.10543e-15
128  40.1572  40.1572  7.10543e-15
129  40.1572  40.1572  7.10543e-15
130  40.1572  40.1572  7.10543e-15
131  40.1572  40.1572  7.10543e-15
132  40.1572  40.1572  7.10543e-15
133  40.1572  40.1572  7.10543e-15
134  40.1572  40.1572  7.10543e-15
135  40.1572  40.1572  7.10543e-15
136  40.1572  40.1572  7.10543e-15
137  40.1572  40.1572  7.10543e-15
138  40.1572  40.1572  7.10543e-15
139  40.1572  40.1572  7.10543e-15
140  40.1572  40.1572  7.10543e-15
141  40.1572  40.1572  7.10543e-15
142  40.1572  40.1572  7.10543e-15
143  40.1572  40.1572  7.10543e-15
144  40.1572  40.1572  7.10543e-15
145  40.1572  40.1572  7.10543e-15
146  40.1572  40.1572  7.10543e-15
147  40.1572  40.1572  7.10543e-15
148  40.1572  40.1572  7.10543e-15
149  40.1572  40.1572  7.10543e-15
150  40.1572  40.1572  7.10543e-15
151  40.1572  40.1572  7.10543e-15
152  40.1572  40.1572  7.10543e-15
153  40.1572  40.1572  7.10543e-15
154  40.1572  40.1572  7.10543e-15
155  40.1572  40.1572  7.10543e-15
156  40.1572  40.1572  7.10543e-15
157  40.1572  40.1572  7.10543e-15
158  40.1572  40.1572  7.10543e-15
159  40.1572  40.1572  7.10543e-15
160  40.1572  40.1572  7.10543e-15
161  40.1572  40.1572  7.10543e-15
162  40.1572  40.1572  7.10543e-15
163  40.1572  40.1572  7.10543e-15
164  40.1572  40.1572  7.10543e-15
165  40.1572  40.1572  7.10543e-15
166  40.1572  40.1572  7.10543e-15
167  40.1572  40.1572  7.10543e-15
168  40.1572  40.1572  7.10543e-15
169  40.1572  40.1572  7.10543e-15
170  40.1572  40.1572  7.10543e-15
171  40.1572  40.1572  7.10543e-15
172  40.1572  40.1572  7.10543e-15
173  40.1572  40.1572  7.10543e-15
174  40.1572  40.1572  7.10543e-15
175  40.1572  40.1572  7.10543e-15
176  40.1572  40.1572  7.10543e-15
177  40.1572  40.1572  7.10543e-15
178  40.1572  40.1572  7.10543e-15
179  40.1572  40.1572  7.10543e-15
180  40.1572  40.1572  7.10543e-15
181  40.1572  40.1572  7.10543e-15
182  40.1572  40.1572  7.10543e-15
183  40.1572  40.1572  7.10543e-15
184  40.1572  40.1572  7.10543e-15
185  40.1572  40.1572  7.10543e-15
186  40.1572  40.1572  7.10543e-15
187  40.1572  40.1572  7.10543e-15
188  40.1572  40.1572  7.10543e-15
189  40.1572  40.1572  7.10543e-15
190  40.1572  40.1572  7.10543e-15
191  40.1572  40.1572  7.10543e-15
192  40.1572  40.1572  7.10543e-15
193  40.1572  40.1572  7.10543e-15
194  40.1572  40.1572  7.10543e-15
195  40.1572  40.1572  7.10543e-15
196  40.1572  40.1572  7.10543e-15
197  40.1572  40.1572  7.10543e-15
198  40.1572  40.1572  7.10543e-15
199  40.1572  40.1572  7.10543e-15
200  40.1572  40.1572  7.10543e-15
201  40.1572  40.1572  7.10543e-15
202  40.1572  40.1572  7.10543e-15
203  40.1572  40.1572  7.10543e-15
204  40.1572  40.1572  7.10543e-15
205  40.1572  40.1572  7.10543e-15
206  40.1572  40.1572  7.10543e-15
207  40.1572  40.1572  7.10543e-15
208  40.1572  40.1572  7.10543e-15
209  40.1572  40.1572  7.10543e-15
210  40.1572  40.1572  7.10543e-15
211  40.1572  40.1572  7.10543e-15
212  40.1572  40.1572  7.10543e-15
213  40.1572  40.1572  7.10543e-15
214  40.1572  40.1572  7.10543e-15
215  40.1572  40.1572  7.10543e-15
216  40.1572  40.1572  7.10543e-15
217  40.1572  40.1572  7.10543e-15
218  40.1572  40.1572  7.10543e-15
219  40.1572  40.1572  7.10543e-15
220  40.1572  40.1572  7.10543e-15
221  40.1572  40.1572  7.10543e-15
222  40.1572  40.1572  7.10543e-15
223  40.1572  40.1572  7.10543e-15
224  40.1572  40.1572  7.10543e-15
225  40.1572  40.1572  7.10543e-15
226  40.1572  40.1572  7.10543e-15
227  40.1572  40.1572  7.10543e-15
228  40.1572  40.1572  7.10543e-15
229  40.1572  40.1572  7.10543e-15
230  40.1572  40.1572  7.10543e-15
231  40.1572  40.1572  7.10543e-15
232  40.1572  40.1572  7.10543e-15
233  40.1572  40.1572  7.10543e-15
234  40.1572  40.1572  7.10543e-15
235  40.1572  40.1572  7.10543e-15
236  40.1572  40.1572  7.10543e-15
237  40.1572  40.1572  7.10543e-15
238  40.1572  40.1572  7.10543e-15
239  40.1572  40.1572  7.10543e-15
240  40.1572  40.1572  7.10543e-15
241  40.1572  40.1572  7.10543e-15
242  40.1572  40.1572  7.10543e-15
243  40.1572  40.1572  7.10543e-15
244  40.1572  40.1572  7.10543e-15
245  40.1572  40.1572  7.10543e-15
246  40.1572  40.1572  7.10543e-15
247  40.1572  40.1572  7.10543e-15
248  40.1572  40.1572  7.10543e-15
249  40.1572  40.1572  7.10543e-15
250  40.1572  40.1572  7.10543e-15
251  40.1572  40.1572  7.10543e-15
252  40.1572  40.1572  7.10543e-15
253  40.1572  40.1572  7.10543e-15
254  40.1572  40.1572  7.10543e-15
255  40.1572  40.1572  7.10543e-15
256  40.1572  40.1572  7.10543e-15
257  40.1572  40.1572  7.10543e-15
258  40.1572  40.1572  7.10543e-15
259  40.1572  40.1572  7.10543e-15
260  40.1572  40.1572  7.10543e-15
261  40.1572  40.1572  7.10543e-15
262  40.1572  40.1572  7.10543e-15
263  40.1572  40.1572  7.10543e-15
264  40.1572  40.1572  7.10543e-15
265  40.1572  40.1572  7.10543e-15
266  40.1572  40.1572  7.10543e-15
267  40.1572  40.1572  7.10543e-15
268  40.1572  40.1572  7.10543e-15
269  40.1572  40.1572  7.10543e-15
270  40.1572  40.1572  7.10543e-15
271  40.1572  40.1572  7.10543e-15
272  40.1572  40.1572  7.10543e-15
273  40.1572  40.1572  7.10543e-15
274  40.1572  40.1572  7.10543e-15
275  40.1572  40.1572  7.10543e-15
276  40.1572  40.1572  7.10543e-15
277  40.1572  40.1572  7.10543e-15
278  40.1572  40.1572  7.10543e-15
279  40.1572  40.1572  7.10543e-15
280  40.1572  40.1572  7.10543e-15
281  40.1572  40.1572  7.10543e-15
282  40.1572  40.1572  7.10543e-15
283  40.1572  40.1572  7.10543e-15
284  40.1572  40.1572  7.10543e-15
285  40.1572  40.1572  7.10543e-15
286  40.1572  40.1572  7.10543e-15
287  40.1572  40.1572  7.10543e-15
288  40.1572  40.1572  7.10543e-15
289  40.1572  40.1572  7.10543e-15
290  40.1572  40.1572  7.10543e-15
291  40.1572  40.1572  7.10543e-15
292  40.1572  40.1572  7.10543e-15
293  40.1572  40.1572  7.10543e-15
294  40.1572  40.1572  7.10543e-15
295  40.1572  40.1572  7.10543e-15
296  40.1572  40.1572  7.10543e-15
297  40.1572  40.1572  7.10543e-15
298  40.1572  40.1572  7.10543e-15
299  40.1572  40.1572  7.10543e-15
